#############################################################
# STP file generated by UC Berkeley Automation Sciences Lab #
#                                                           #
# Num Poses: 8                                              #
# Min Probability: 0.01                                     #
#                                                           #
#############################################################

p 0.040892
r -0.109648 0.173467 0.978717
  0.980916 -0.140178 0.134740
  0.160568 0.974812 -0.154786
x0 -0.016123 -0.191168 0.222828
p 0.189450
r -0.075374 0.037127 -0.996464
  0.131361 0.990967 0.026985
  0.988465 -0.128862 -0.079571
x0 -0.137597 0.006717 0.225711
p 0.046867
r 0.978168 -0.160836 -0.131603
  0.160853 0.986922 -0.010567
  0.131582 -0.010833 0.991246
x0 0.118778 0.105194 -0.388240
p 0.200090
r -0.066588 0.008395 -0.997745
  0.003749 0.999960 0.008163
  0.997773 -0.003197 -0.066617
x0 -0.175324 -0.042949 -0.310733
p 0.032985
r 0.071213 0.000964 -0.997461
  0.090747 -0.995859 0.005516
  -0.993325 -0.090910 -0.071005
x0 0.173067 0.022757 -0.261260
p 0.173096
r 0.079298 -0.008980 -0.996810
  0.260394 -0.965054 0.029409
  -0.962240 -0.261896 -0.074189
x0 0.101008 0.168785 0.179859
p 0.036703
r 0.070172 0.014109 -0.997435
  -0.098835 -0.994882 -0.021026
  -0.992627 0.100057 -0.068418
x0 0.172896 -0.021266 -0.261718
p 0.169759
r 0.076553 0.024680 -0.996760
  -0.268714 -0.962193 -0.044462
  -0.960173 0.271247 -0.067026
x0 0.170905 -0.033882 -0.259488


