#############################################################
# STP file generated by UC Berkeley Automation Sciences Lab #
#                                                           #
# Num Poses: 8                                              #
# Min Probability: 0.01                                     #
#                                                           #
#############################################################

p 0.036869
r 0.069982 0.012323 -0.997472
  -0.098962 -0.994905 -0.019234
  -0.992627 0.100057 -0.068406
x0 0.017289 -0.002127 -0.026172
p 0.165407
r 0.076422 0.024213 -0.996782
  -0.268749 -0.962206 -0.043978
  -0.960174 0.271245 -0.067026
x0 0.017091 -0.003389 -0.025949
p 0.046869
r 0.987276 -0.088629 -0.132024
  0.089283 0.996006 -0.000967
  0.131582 -0.010833 0.991246
x0 0.014896 -0.004251 -0.039386
p 0.188939
r -0.075626 0.035266 -0.996512
  0.131254 0.991031 0.025111
  0.988460 -0.128897 -0.079577
x0 -0.017303 0.005191 -0.028759
p 0.199989
r -0.066589 0.005522 -0.997765
  0.003558 0.999980 0.005297
  0.997774 -0.003197 -0.066608
x0 -0.017532 -0.004295 -0.031073
p 0.034530
r 0.071483 -0.002168 -0.997439
  0.090504 -0.995859 0.008650
  -0.993327 -0.090890 -0.070991
x0 0.017307 0.002276 -0.026126
p 0.173002
r 0.080384 -0.013063 -0.996678
  0.260075 -0.965003 0.033624
  -0.962237 -0.261914 -0.074173
x0 0.010101 0.016878 0.017986
p 0.040163
r -0.115954 0.174490 0.977808
  0.980113 -0.139507 0.141123
  0.161036 0.974726 -0.154844
x0 -0.001612 -0.019117 0.022283


